1272735227 2350
1272736415 2350
1272736543 2352
1272736577 2352
1272736714 2377
1272797956 2378
1272798084 2379
1272798511 2363
1272803502 2352
1272807626 2398
1272807805 2400
1272813198 2415
1272815667 2457
1272816785 2480
1272910678 2534
1272924169 2580
1272986821 2623
1272986875 2634
1272990362 2673
1273001535 2685
1273006134 2753
1273007395 2773
1273010275 2780
1273013731 2796
1273095978 2872
1273097521 2878
1273173764 2878
1273244871 2849
1273330205 2844
1273400887 2834
1273400979 2800
1273401964 2800
1273403071 2798
1273404198 2805
1273404290 2842
1273404953 2842
1273405050 2841
1273405075 2841
1273405195 2930
1273405217 2930
1273405230 2930
1273405298 2930
1273406369 2949
1273408765 3051
1273420057 3154
1273438266 3168
1273438603 3176
1273438636 3176
1273439084 3178
1273439144 3115
1273439331 3115
1273450960 3215
1273478491 3262
1273478795 3261
1273479188 3260
1273479357 3260
1273479570 3262
1273480299 3262
1273480774 3263
1273480897 3263
1273481339 3302
1273484503 3313
1273504261 3522
1273504656 3525
1273505718 3522
1273509324 3526
1273509572 3526
1273525319 3534
1273527039 3534
1273527511 3535
1273578622 3570
1273584316 3578
1273601525 3643
1273685353 3692
1273764228 3757
1273775498 3783
1273832927 3834
1273837341 3836
1273855026 3838
1273858422 3873
1273858480 3873
1273859466 3869
1273859847 3869
1273865473 3868
1273919425 3916
1273960492 3962
1274007731 4035
1274023700 4066
1274043876 4082
1274085425 4069
1274107219 4135
1274111015 4196
1274120473 4271
1274120815 4271
1274120918 4272
1274121860 4300
1274122019 4322
1274122409 4322
1274122591 4308
1274122824 4307
1274122967 4307
1274181508 4659
1274185568 4700
1274187823 4705
1274189205 4705
1274189348 4705
1274195448 4726
1274195479 4726
1274197872 4729
1274208375 4729
1274208830 4751
1274210775 4798
1274216460 4809
1274217035 4884
1274270249 4798
1274270941 4884
1274290276 4798
1274290315 4798
1274293745 4851
1274293809 4851
1274299094 4887
1274301802 4887
1274302847 4902
1274356671 4904
1274357261 4907
1274362246 4916
1274363247 4915
1274369577 4890
1274381002 4993
1274387800 5042
1274392500 5032
1274438556 5032
1274478609 5008
1274521903 5035
1274538726 5013
1274549700 5063
1274549730 5063
1274549918 5063
1274555129 5063
1274557145 5063
1274560010 5008
1274560275 5008
1274563724 4996
1274564966 5244
1274566952 5178
1274567694 5179
1274568564 5184
1274599999 5200
1274600425 5209
1274604445 5230
1274604483 5230
1274605403 5234
1274605421 5234
1274615399 5234
1274628030 5272
1274628676 5272
1274637879 5299
1274645280 6813
1274645527 6813
1274645541 6913
1274648289 6921
1274648351 6921
1274649067 6921
1274653308 7003
1274657668 7003
1274659085 7034
1274687894 7035
1274688315 7040
1274695548 7058
1274697226 7073
1274710108 7075
1274732587 7080
1274732723 7080
1274898123 7083
1274904216 7135
1274907868 7148
1274957280 7192
1274957541 7210
1274958757 7214
1274958891 7218
1274958984 7218
1274959413 7223
1274959712 7221
1274967011 7222
1274968502 7229
1274985800 7338
1274992421 7337
1274993486 7365
1275068129 7396
1275069635 7391
1275071135 7380
1275072636 7387
1275138235 7378
1275138681 7401
1275141341 7425
1275148293 7451
1275149097 7453
1275150947 7453
1275151014 7453
1275170465 7456
1275172432 7524
1275216009 7598
1275234123 7759
1275234610 7940
1275234665 7940
1275235516 7940
1275235618 7940
1275237498 7966
1275243545 8031
1275244234 8033
1275244384 8033
1275251828 8054
1275252471 8057
1275252487 8095
1275252557 8095
1275253556 8095
1275298360 8092
1275301034 8134
1275314520 8083
1275314671 8097
1275317740 8095
1275318664 8175
1275318726 8175
1275318745 8195
1275318781 8195
1275318796 8215
1275319005 8242
1275319437 8242
1275319454 8242
1275321645 8255
1275324210 8266
1275341415 8272
1275345644 8295
1275382606 8330
1275391198 8330
1275391711 8328
1275391724 8328
1275392064 8329
1275395521 8334
1275396635 8384
1275404979 8388
1275405645 8388
1275405760 8388
1275407842 8432
1275494216 8441
1275494261 8441
1275496596 8461
1275498168 8462
1275498391 8462
1275516004 8462
1275518502 8462
1275566698 8450
1275569520 8554
1275569943 8566
1275575651 8645
1275749295 8664
1275762453 9366
1275766231 9466
1275776441 9551
1275777519 9551
1275777641 9550
